Find out what label array ['adircta'] is
Label array ==1: 
[13. 12. 18. 12. 14. 13. 13. 12. 15. 12. 12. 16. 11. 16. 11. 12. 15. 14.
 16. 11. 11. 14. 13. 17. 12. 14. 13. 12. 11. 13.]
Label array ==0: 
[ 9.  0.  7.  9.  7.  5.  4.  8. nan  7. nan  3. 10. 10.  5.  6.  4.  8.
 10.  9.  9. 10. 10. 10.  6.  9.  2. 10.  9. nan]
Len label array 60
======================================
======================================
Find out what label array ['adircta1'] is
Label array ==1: 
[2. 2. 4. 2. 4. 4. 2. 4. 2. 2. 3. 2. 3. 3. 3. 3. 4. 2. 3. 3. 2. 4. 2. 3.
 2. 3. 3. 4. 3. 2. 2. 4. 3. 3. 2.]
Label array ==0: 
[ 1.  1.  0.  1.  1.  1.  0.  1.  1.  1. nan  1.  1. nan  0.  1.  0.  0.
  1.  1.  1.  1.  0.  1. nan]
Len label array 60
======================================
======================================
Find out what label array ['adircta2'] is
Label array ==1: 
[2. 2. 1. 2. 2. 2. 2. 1. 1. 2. 2. 2. 2. 2. 2. 2. 2. 1. 2. 1. 2. 1. 1. 2.
 1. 1. 2. 1. 1. 2. 2. 2. 2. 1. 2. 2. 2. 2. 1. 1. 1. 1. 2. 1. 2. 1.]
Label array ==0: 
[ 0.  0.  0.  0.  0.  0. nan  0. nan  0.  0.  0.  0. nan]
Len label array 60
======================================
======================================
Find out what label array ['adircta3'] is
Label array ==1: 
[5. 4. 6. 3. 5. 3. 4. 4. 4. 4. 6. 4. 3. 6. 4. 5. 5. 5. 6. 4. 4. 3. 3. 5.
 3. 4. 4. 5. 3. 4. 3. 6. 4. 5.]
Label array ==0: 
[ 2.  2.  0.  2.  1.  2.  0.  2. nan  0. nan  0.  2.  2.  2.  0.  1.  2.
  1.  2.  1.  2.  1.  2.  2. nan]
Len label array 60
======================================
======================================
Find out what label array ['adircta4'] is
Label array ==1: 
[7. 5. 8. 5. 4. 5. 4. 4. 5. 4. 7. 5. 6. 5. 6. 7. 5. 4. 4. 6. 5. 6. 4. 6.
 4. 4. 7. 5. 5. 4. 4. 5. 4. 5. 6.]
Label array ==0: 
[ 3.  3.  0.  3.  3.  0.  1.  3.  3. nan nan  0.  2.  1.  3. nan  3.  3.
  3.  3.  0.  3.  3.  1. nan]
Len label array 60
======================================
======================================
Find out what label array ['adirctb1'] is
Label array ==1: 
[3. 4. 4. 4. 4. 5. 3. 3. 3. 5. 3. 6. 6. 3. 6. 3. 6. 3. 6. 5. 4. 3. 4. 4.
 4. 3. 6. 6. 4. 6. 6.]
Label array ==0: 
[ 1.  2.  0.  2.  1.  1.  0.  1.  2.  1. nan nan  1.  1.  0.  2.  2.  2.
  2.  2.  2.  1.  2.  2.  1.  2.  1.  2. nan]
Len label array 60
======================================
======================================
Find out what label array ['adirctb2'] is
Label array ==1: 
[4. 4. 3. 4. 3. 3. 3. 4. 2. 3. 3. 3. 2. 2. 2. 2. 3. 3. 3. 4. 2. 3. 3. 4.
 2. 2. 3. 3. 3. 3. 4. 4. 3.]
Label array ==0: 
[ 0.  0.  0.  0.  0.  1.  0.  0. nan  0.  1.  0. nan  1.  0.  1.  1.  0.
  0.  1.  1.  0.  0.  0.  0.  1. nan]
Len label array 60
======================================
======================================
Find out what label array ['adirctb3'] is
Label array ==1: 
[2. 4. 6. 3. 3. 2. 2. 5. 2. 4. 6. 3. 4. 3. 2. 3. 2. 4. 3. 3. 3. 3. 2. 3.
 2. 3. 2. 4. 3.]
Label array ==0: 
[ 0.  1.  1.  1.  1.  1.  1.  1.  1.  0.  0.  0. nan  0.  1. nan  0.  0.
  1.  1.  1.  1.  0.  0.  0.  1.  0.  0.  1.  0. nan]
Len label array 60
======================================
======================================
Find out what label array ['adirctc4'] is
Label array ==1: 
[ 1.  2.  0.  2.  0.  0.  1.  1.  0.  1.  0.  0.  0.  1.  1.  1.  0.  1.
  0.  0.  0.  0.  2.  2.  1.  0.  0. nan  0.  0.  0. nan  0.  0.  0.  0.
  0.  0.  0.  0.  1.  1.  0.  0.  0.  2.  0.  0.  1.  0.  0.  1.  1.  0.
  0.  1.  1.  1.  0. nan]
Label array ==0: 
[]
Len label array 60
======================================
======================================
Find out what label array ['DMSA'] is
Label array ==1: 
[0.57395161 0.57395161 0.66995614 0.62627451 0.65164104 0.57395161
 0.78033681 0.70617504 0.64166667 0.78186274 0.62627451 0.78186274
 0.70920759]
Label array ==0: 
[-0.15265306         nan         nan         nan         nan         nan
  0.40178571         nan         nan         nan         nan         nan
         nan  0.28796422         nan         nan         nan  0.40813874
         nan         nan         nan         nan         nan  0.54537073
         nan         nan         nan  0.5                nan         nan
         nan         nan  0.48387681  0.40813874  0.40813874  0.40813874
  0.35238095  0.26583501  0.40813874         nan         nan         nan
         nan         nan         nan         nan         nan]
Len label array 60
======================================
======================================
Find out what label array ['DMSB'] is
Label array ==1: 
[ 0.00321598  0.00321598 -0.48687214 -0.21552605 -0.00239808 -0.26386864
  0.15934163  0.14486361         nan -0.19270756  0.00321598         nan
         nan  0.46543255 -0.14770061         nan -0.13333333  0.19741152
  0.07296137         nan  0.60098826         nan -0.12145838  0.15934163
 -0.19270756 -0.19270756 -0.19270756 -0.24425635 -0.32415295 -0.19270756
         nan         nan  0.60098826         nan  0.37571995]
Label array ==0: 
[-1. -1. -1. -1. -1. -1. -1. -1. -1. -1. -1. -1. -1. -1. -1. -1. -1. -1.
 -1. -1. -1. -1. -1. -1. -1.]
Len label array 60
======================================
======================================
Find out what label array ['DMSmcLD'] is
Label array ==1: 
[ 3298.31818182  4551.05882353  4674.64        4569.82758621
  3314.375       4613.56        3723.4         4501.08695652
  5183.86666667  5149.84615385  3807.42307692  5659.18518519
  3769.333333    3799.058824    4360.5         4579.380952
  3500.96        3897.13043478  3677.69565217  4588.6875
 12573.22727273  3420.2         4601.6         3238.346154
  3258.6         4036.925926    5716.793103  ]
Label array ==0: 
[2654.409091   1817.57142857 1743.5        2050.10714286 2600.444444
 2832.6        1579.34615385 2158.83333333 2499.48148148 2130.37037037
 3114.23529412 2917.64285714 2818.57692308 3092.43478261           nan
 2908.409091   2817.         2787.9        2095.44827586 2444.41176471
           nan 2912.545455   2845.66666667           nan 2391.85714286
 2721.888889             nan 2210.521739   2909.11538462 2958.29166667
           nan           nan 2797.538462  ]
Len label array 60
======================================
======================================
Find out what label array ['DMSmcLS'] is
Label array ==1: 
[3494.6        4178.4        3666.3        3457.         3157.4
 3285.2        3122.7        3331.8        3644.6        5301.55555556
 5381.28571429 3557.2        3153.         4583.         3152.4
 3796.4        3234.8        3099.         3606.8        4988.7
 9985.1        3620.3        3173.7        3080.3        3887.8
 3939.8        3941.4       ]
Label array ==0: 
[3021.7        1970.66666667 1706.7        1354.         1982.3
 2123.9        2891.4        1684.7        1494.7        1911.1
 1988.8        1970.1        3060.                   nan 2059.3
 2692.8        2865.7        2882.1        1771.88888889 2934.1
           nan           nan 2882.8        3032.1                  nan
 2735.3        2291.4        2802.3        3053.125      3058.4
 2430.6                  nan           nan]
Len label array 60
======================================
======================================
Find out what label array ['DMSpcD'] is
Label array ==1: 
[ 93.33333333  86.66666667  93.33333333  90.          86.66666667
  96.66666667  90.          90.          83.33333333  83.33333333
  86.66666667  96.66666667 100.         100.          86.66666667
  96.66666667  86.66666667  90.          93.33333333  86.66666667
  90.          83.33333333  83.33333333  86.66666667  86.66666667
 100.          90.          86.66666667  96.66666667]
Label array ==0: 
[73.33333333 73.33333333 56.66666667 83.33333333 50.         80.
 56.66666667 80.         46.66666667 76.66666667         nan 76.66666667
 73.33333333 56.66666667         nan 80.         56.66666667 73.33333333
 70.                 nan         nan 70.         76.66666667 76.66666667
 76.66666667 53.33333333 73.33333333 83.33333333 80.                 nan
         nan]
Len label array 60
======================================
======================================
Find out what label array ['DMSpcS'] is
Label array ==1: 
[100. 100. 100. 100. 100. 100. 100. 100. 100. 100. 100. 100. 100. 100.
 100. 100. 100. 100. 100. 100. 100. 100. 100. 100. 100. 100. 100. 100.
 100. 100. 100. 100. 100. 100. 100. 100. 100. 100. 100. 100. 100. 100.
 100. 100. 100. 100. 100. 100.]
Label array ==0: 
[90. 90. nan 90. 90. 70. nan nan nan 80. nan nan]
Len label array 60
======================================
======================================
Find out what label array ['DMSpc0'] is
Label array ==1: 
[ 90.  90.  90.  90. 100.  90.  90.  90.  90.  90.  90. 100. 100. 100.
 100. 100.  90.  90. 100.  90. 100.  90.  90.  90.  90.  90. 100.  90.
 100.  90. 100. 100.]
Label array ==0: 
[80. 60. 70. 80. 50. 80. 50. 70. 70. 70. nan 80. 80. 70. nan 70. 80. 60.
 nan nan 80. 80. 70. 70. 80. 70. nan nan]
Len label array 60
======================================
======================================
Find out what label array ['DMSpc4'] is
Label array ==1: 
[ 90. 100. 100. 100.  90. 100. 100.  90. 100.  90. 100. 100. 100. 100.
 100. 100. 100.  90. 100.  90. 100. 100.  90.  90.  90. 100.  90.  90.
 100.]
Label array ==0: 
[70. 70. 70. 80. 80. 70. 70. 60. nan 60. 60. nan 70. 70. 60. 80. nan 80.
 nan 70. 80. 70. 80. 40. 80. 70. 80. 80. 70. nan nan]
Len label array 60
======================================
======================================
Find out what label array ['DMSpc12'] is
Label array ==1: 
[ 90.  90.  80.  90.  90.  80. 100.  90.  80.  80.  90.  80.  90. 100.
 100.  90.  90.  80.  80.  80.  90. 100.  90.  80.  90.  90.  90.  80.
  80. 100.  90.  90.]
Label array ==0: 
[70. 30. 70. 20. 60. 50. 10. 60. 70. 60. nan 30. 40. nan 70. 30. 70. nan
 70. nan 60. 70. 70. 40. 50. nan nan 70.]
Len label array 60
======================================
======================================
Find out what label array ['DMSceP'] is
Label array ==1: 
[0.19354839 0.19354839 0.44       0.14705882 0.14705882 0.41666667
 0.18181818 0.26923077 0.18181818 0.47826087 0.14705882 0.15625
 0.1875     0.19354839 0.39130435 0.15151515 0.30769231 0.16129032
 0.2        0.23333333 0.1875     0.1875     0.1875     0.4
 0.22580645 0.1875     0.14705882 0.18181818]
Label array ==0: 
[0.05405405 0.05405405 0.08333333 0.11428571 0.02631579 0.08333333
 0.08333333 0.11764706 0.11428571        nan 0.02631579 0.
 0.         0.08823529 0.05405405 0.11428571        nan 0.08333333
        nan 0.05405405 0.11428571 0.05555556        nan 0.11764706
 0.08571429 0.11428571 0.                nan 0.05555556        nan
 0.08571429 0.02631579]
Len label array 60
======================================
======================================
Find out what label array ['DMSeeP'] is
Label array ==1: 
[0.25       0.25       0.14285714 0.33333333 0.46153846 0.3125
 0.2        0.28571429 0.14285714 0.25       0.4        0.4375
 0.30769231 0.375      0.33333333 0.33333333 0.22222222 0.2
 0.14285714 0.14285714 0.14285714 0.28571429 0.125      0.14285714
 0.33333333 0.25      ]
Label array ==0: 
[ 0.  0.  0.  0.  0.  0.  0.  0.  0.  0.  0.  0.  0. nan  0. nan nan  0.
  0. nan  0.  0. nan  0.  0. nan  0.  0.  0.  0. nan nan nan  0.]
Len label array 60
======================================
======================================
Find out what label array ['DMStC'] is
Label array ==1: 
[35. 38. 35. 38. 37. 36. 39. 37. 37. 35. 35. 36. 39. 40. 40. 35. 38. 36.
 37. 38. 36. 37. 35. 35. 36. 36. 40. 37. 36. 39.]
Label array ==0: 
[32. 32. 26. 25. 34. 27. 34. 24. 33. nan 33. 32. 24. nan 34. 27. 32. 31.
 nan nan 31. 33. 33. 33. 26. 32. 33. 34. nan nan]
Len label array 60
======================================
======================================
Find out what label array ['PALft'] is
Label array ==1: 
[24. 22. 24. 26. 26. 24. 23. 21. 26. 26. 24. 23. 26. 24. 23. 24. 24. 26.
 22. 26. 25. 22. 25. 21. 21. 24. 22. 25. 22. 21.]
Label array ==0: 
[16. 15.  9. 19. 12. 19. 18. 20. 17. 17. 15. 10. nan 19. 20. 18. nan 17.
 19. 19. nan 18. nan 14. 18. 16. 15. 14. nan nan]
Len label array 60
======================================
======================================
Find out what label array ['PALmsE'] is
Label array ==1: 
[1.75       2.375      6.83333333 1.125      3.75       1.625
 2.125      2.5        2.375      1.25       1.875      3.75
 1.25       0.875      1.625      2.         1.25       0.875
 1.125      1.125      1.5        1.25       3.625      1.625
 2.5        0.75       1.5       ]
Label array ==0: 
[0.25  0.5   0.25  0.    0.    0.25  0.625 0.625 0.      nan 0.    0.5
 0.375 0.    0.5   0.625   nan 0.25  0.25    nan 0.      nan 0.    0.25
 0.125 0.625 0.25  0.5     nan 0.125   nan 0.625 0.625]
Len label array 60
======================================
======================================
Find out what label array ['PALmsT'] is
Label array ==1: 
[1.625 1.625 3.5   1.5   2.25  1.5   1.75  1.25  1.875 2.    1.5   1.625
 1.75  1.375 1.25  1.25  1.375 1.625 1.25  1.875 1.5   1.25  1.375 1.5
 1.5   1.375 2.125 1.25  1.375 1.875 1.375 1.25  1.5   1.25  1.25  1.25 ]
Label array ==0: 
[1.125 1.125 1.125 1.    1.    1.125 1.125 1.      nan 1.    1.125 1.
   nan 1.125 1.125   nan 1.      nan 1.    1.125 1.125   nan 1.125   nan]
Len label array 60
======================================
======================================
Find out what label array ['PALcS'] is
Label array ==1: 
[8. 8. 8. 8. 8. 8. 8. 8. 8. 8. 8. 8. 8. 8. 8. 8. 8. 8. 8. 8. 8. 8. 8. 8.
 8. 8. 8. 8. 8. 8. 8. 8. 8. 8. 8. 8. 8. 8. 8. 8. 8. 8. 8. 8. 8. 8. 8. 8.
 8. 8. 8. 8. 8.]
Label array ==0: 
[ 6. nan nan nan nan nan nan]
Len label array 60
======================================
======================================
Find out what label array ['PALftS'] is
Label array ==1: 
[7. 7. 7. 8. 8. 7. 7. 7. 8. 8. 7. 7. 8. 7. 7. 7. 7. 8. 7. 8. 7. 7. 7. 7.
 7. 7. 7.]
Label array ==0: 
[ 5.  5.  2.  5.  3.  6.  6.  6.  6.  5.  5.  5. nan  6.  6.  6. nan  5.
  5.  6. nan  5. nan  4.  6.  4.  5.  5.  4.  6. nan nan  6.]
Len label array 60
======================================
======================================
Find out what label array ['PALtE'] is
Label array ==1: 
[14. 19. 41.  9. 30. 13. 17. 20. 19. 10. 15. 30. 10.  7. 13. 16. 10.  7.
  9.  9. 12. 10. 29. 13. 20.  6. 12.]
Label array ==0: 
[ 2.  4.  2.  0.  0.  2.  5.  5.  0. nan  0.  4.  3.  0.  4.  5. nan  2.
  2. nan  0. nan  0.  2.  1.  5.  2.  4. nan  1. nan  5.  5.]
Len label array 60
======================================
======================================
Find out what label array ['PALtEA'] is
Label array ==1: 
[ 14.  19. 111.   9.  30.  13.  17.  20.  19.  10.  15.  30.  10.   7.
  13.  16.  10.   7.   9.   9.  12.  10.  29.  13.  20.   6.  12.]
Label array ==0: 
[ 2.  4.  2.  0.  0.  2.  5.  5.  0. nan  0.  4.  3.  0.  4.  5. nan  2.
  2. nan  0. nan  0.  2.  1.  5.  2.  4. nan  1. nan  5.  5.]
Len label array 60
======================================
======================================
Find out what label array ['PALtT'] is
Label array ==1: 
[13. 13. 21. 12. 18. 12. 14. 10. 15. 16. 12. 13. 14. 11. 10. 10. 11. 13.
 10. 15. 12. 10. 11. 12. 12. 11. 17. 10. 11. 15. 11. 10. 12. 10. 10. 10.]
Label array ==0: 
[ 9.  9.  9.  8.  8.  9.  9.  8. nan  8.  9.  8. nan  9.  9. nan  8. nan
  8.  9.  9. nan  9. nan]
Len label array 60
======================================
======================================
Find out what label array ['PALtTA'] is
Label array ==1: 
[13. 13. 31. 12. 18. 12. 14. 10. 15. 16. 12. 13. 14. 11. 10. 10. 11. 13.
 10. 15. 12. 10. 11. 12. 12. 11. 17. 10. 11. 15. 11. 10. 12. 10. 10. 10.]
Label array ==0: 
[ 9.  9.  9.  8.  8.  9.  9.  8. nan  8.  9.  8. nan  9.  9. nan  8. nan
  8.  9.  9. nan  9. nan]
Len label array 60
======================================
======================================
Find out what label array ['SSPsL'] is
Label array ==1: 
[7. 9. 8. 9. 9. 9. 8. 7. 8. 7. 8. 9. 9. 9. 7. 8. 7. 7. 8. 7. 8. 7. 9. 9.
 8. 7. 7.]
Label array ==0: 
[ 5. nan  6.  6.  5.  6.  6.  6.  5.  3.  5.  6. nan  6. nan  6.  4.  5.
  4. nan  6. nan  5.  5.  5.  5.  5.  5.  6.  6.  4. nan nan]
Len label array 60
======================================
======================================
Find out what label array ['SSPtE'] is
Label array ==1: 
[12. 12. 14. 15. 24. 15. 17. 27. 13. 29. 21. 14. 15. 26. 23. 15. 29. 18.
 14. 14. 13. 18. 12. 13. 19. 14. 15.]
Label array ==0: 
[11.  6.  0. 11. 10.  2. 10.  5. 10.  7.  9.  8. nan  8.  5.  9.  9. nan
 11.  5.  9. nan  8. nan  9.  7. 11.  8.  7.  0.  4. nan nan]
Len label array 60
======================================
======================================
Find out what label array ['SSPtuE'] is
Label array ==1: 
[5. 3. 6. 3. 3. 2. 2. 2. 7. 2. 4. 2. 2. 2. 3. 2. 3. 3. 2. 3. 4. 7. 2. 3.
 2. 3. 3. 3.]
Label array ==0: 
[ 0.  1.  0.  1.  0.  1.  0.  0.  1.  1.  1.  1.  1. nan  0.  0.  1.  1.
  1. nan  0. nan  1.  1. nan  0.  1.  0.  1. nan nan  1.]
Len label array 60
======================================
======================================
Find out what label array ['SWMbE'] is
Label array ==1: 
[45. 72. 72. 32. 33. 62. 35. 63. 30. 43. 44. 56. 65. 28. 36. 28. 28. 51.
 35. 82. 54. 31. 71. 47. 53. 34. 35. 36. 55.]
Label array ==0: 
[11. 16.  7.  0. 24. 13. 21. nan  1.  3.  2. 21. 10. nan 20. 21. nan 18.
 27.  9. nan 24.  2. 13. nan 24.  0.  3. nan  5. nan]
Len label array 60
======================================
======================================
Find out what label array ['SWMdE'] is
Label array ==1: 
[ 1.  1.  2.  1.  0.  0.  1.  0.  2.  0.  0.  0.  0.  0.  0.  1.  0.  1.
  1.  0.  0. nan  0.  0.  0.  0.  0.  0.  0.  0.  2. nan  3.  0.  0.  0.
  1. nan  0.  1.  0. nan  1.  0.  0.  1.  9.  0. nan  0.  0.  0.  0.  0.
  0. nan  0. nan  0.  1.]
Label array ==0: 
[]
Len label array 60
======================================
======================================
Find out what label array ['SWMS'] is
Label array ==1: 
[39. 39. 35. 43. 41. 47. 37. 36. 39. 38. 41. 45. 36. 36. 35. 36. 36. 37.
 36. 35. 39. 36. 35. 39. 37. 37. 38. 35. 36. 41.]
Label array ==0: 
[31. 29. 34. 34. 30. 30. nan 34. 20. 34. 32. 27. 30. 34. nan 27. nan 33.
 23. 30. nan 28. nan 32. 32. 27. nan 29. nan 32.]
Len label array 60
======================================
======================================
Find out what label array ['SWMtE'] is
Label array ==1: 
[47. 74. 73. 32. 33. 63. 36. 63. 30. 43. 44. 57. 66. 28. 36. 28. 28. 51.
 35. 83. 55. 28. 31. 72. 50. 53. 34. 35. 36. 56.]
Label array ==0: 
[11. 16.  7.  0. 24. 13. 21. nan  1.  3.  2. 21. 10. nan 21. 21. nan 18.
  9. nan 24.  2. 13. nan 24.  0.  3. nan  5. nan]
Len label array 60
======================================
======================================
Find out what label array ['SOCitT'] is
Label array ==1: 
[ 3385.5     5191.0625  4801.25    5026.4375  4394.625   3269.5625
  6644.375  11609.25    5824.5     5633.9375  5436.9375  7974.625
  6338.9375  9967.6875  6436.4375 10367.3125  4479.6875  3033.375
 17009.6875  4270.125  19376.625   4451.75    5065.375   3153.
 10698.625  14109.25    8717.375 ]
Label array ==0: 
[1268.375   500.125  1067.1875 2366.875   781.0625 2327.6875 3008.1875
 1800.125  3027.     1611.1875 2020.75         nan 1089.6875  861.125
 2496.625  2451.125        nan 3031.375  2378.1875 2411.375        nan
 2471.           nan 1233.5    2522.8125 1452.8125       nan 1714.5
 1810.1875 1417.875  2101.1875       nan       nan]
Len label array 60
======================================
======================================
Find out what label array ['SOCmM'] is
Label array ==1: 
[19.25 25.   18.25 18.   19.75 20.   23.25 18.75 20.5  18.25 19.5  21.
 19.   17.75 17.75 19.5  20.75 24.5  23.   19.5  18.75 18.25 19.5  21.25
 20.   21.25 20.25 17.75]
Label array ==0: 
[14.   17.25 14.   17.   16.75 17.5  15.75 17.5    nan 17.25 14.25 15.5
 16.5  14.75 16.     nan 15.75   nan 17.25 15.25   nan 17.25 14.   17.5
   nan 17.5  15.75 17.5    nan 15.25   nan 17.  ]
Len label array 60
======================================
======================================
Find out what label array ['SOCstT'] is
Label array ==1: 
[4119.311111   1133.27328644  734.68511905 3615.39583333 1413.36267361
 1285.8125     1329.14707341 1280.09243552 1185.20262897  882.17673611
 3148.02083333 8955.38298611  902.07256944 1386.90208325 1441.91927083
 1440.806597   3962.73764875 1553.85548115 7272.996875   1375.98125
 1725.9875     7309.01917989  940.13926768 1007.19791667  758.8819445
 3075.1085815  1656.86770825]
Label array ==0: 
[298.05729167 240.775        0.          28.25       257.37395833
  28.48958333 356.32415675  74.63888889 174.45359848          nan
 390.93333335   0.         289.40972222 368.87395833   0.
 312.01284722 405.77152778          nan 120.190625            nan
 243.09826389 506.22812492          nan  42.49305555 504.79444444
          nan  31.625      449.18333333  71.11268939 452.71438492
          nan 315.80902775          nan]
Len label array 60
======================================
======================================
Find out what label array ['SOCpsmM'] is
Label array ==1: 
[12.  9. 12.  8.  9. 11.  8.  8.  9.  8.  8. 11. 10.  9. 10.  9. 11.  9.
  9.  9.  8. 12.  9.  8.  9. 10.  9. 11. 10.]
Label array ==0: 
[ 7.  4.  7.  7.  6.  7.  5.  7.  7.  5.  6.  6.  7. nan  7. nan  7.  5.
  3.  6. nan nan  0.  6. nan  6.  5.  6. nan nan  5.]
Len label array 60
======================================
======================================
Find out what label array ['IEDcsE'] is
Label array ==1: 
[14. 25. 15. 14. 18. 30. 37. 14. 18. 17. 17. 19. 12. 18. 14. 34. 24. 12.
 12. 14. 12. 19. 17. 30. 20. 24. 12.]
Label array ==0: 
[ 8. 11.  7.  9.  6.  8.  5. nan  9.  9. 10.  9.  6. 11. 11. nan  4. nan
  9. 10. 11. nan  8.  8. nan 10.  9.  8.  5. nan nan  7. 10.]
Len label array 60
======================================
======================================
Find out what label array ['IEDcsT'] is
Label array ==1: 
[ 88.  99.  77.  74.  73. 102. 120.  87.  85.  88.  86.  82.  86.  88.
 105.  81.  76.  74.  74.  74.  91.  93.  94.  74.  73.  88.  88.  74.]
Label array ==0: 
[51. 70. 51. 67. 61. 63. 47. 68. nan 64. 70. 70. 66. 53. 69. 72. nan 46.
 68. nan 67. 72. nan 64. 63. nan 68. 47. nan 60. nan 54.]
Len label array 60
======================================
======================================
Find out what label array ['IEDedE'] is
Label array ==1: 
[ 5.  9. 26.  6.  9. 30. 23. 26.  5.  4. 28.  8. 26. 11.  6. 10.  4. 25.
 27. 24. 22. 32.  4.  4.  8.  4.  4. 12. 17. 28. 21. 25.]
Label array ==0: 
[ 2.  2.  0.  1.  3. nan  3.  3.  2.  1.  1.  1. nan  2.  1. nan  3.  2.
  2. nan  2.  3.  3. nan  2. nan nan  1.]
Len label array 60
======================================
======================================
Find out what label array ['IEDpedE'] is
Label array ==1: 
[ 8. 15.  8.  9.  7. 36.  9.  7. 13. 17.  7.  7.  7.  7.  7.  7.  8. 24.
 10. 14.  7.  8. 14. 11. 12.  7.  8.]
Label array ==0: 
[ 4.  5.  5.  6.  4.  4.  5.  5. nan  4.  5.  6.  6.  5. nan  4.  6. nan
  5. nan  5.  6.  4.  6. nan  5.  4.  5.  5.  6.  5. nan nan]
Len label array 60
======================================
======================================
Find out what label array ['IEDcS'] is
Label array ==1: 
[9. 9. 9. 9. 9. 9. 9. 9. 9. 9. 9. 9. 9. 9. 9. 9. 9. 9. 9. 9. 9. 9. 9. 9.
 9. 9. 9. 9. 9. 9. 9. 9. 9. 9. 9. 9. 9. 9. 9. 9. 9.]
Label array ==0: 
[ 7.  7.  6.  7.  7. nan  7. nan  7.  7.  7. nan nan nan  7. nan  7. nan
  7.]
Len label array 60
======================================
======================================
Find out what label array ['IEDtE'] is
Label array ==1: 
[14. 25. 34. 15. 14. 37. 36. 30. 37. 14. 18. 45. 17. 31. 19. 18. 14. 31.
 34. 48. 26. 46. 19. 17. 30. 20. 24. 33. 33. 32.]
Label array ==0: 
[11.  9.  6.  8. 12. nan  9.  9. 10.  9. 11. 11. nan 12. 12. nan  9. 10.
 11. nan  8. 12.  8. nan 10.  9.  8. nan nan 10.]
Len label array 60
======================================
======================================
Find out what label array ['IEDtEA'] is
Label array ==1: 
[14. 25. 59. 15. 14. 62. 86. 30. 37. 14. 18. 70. 17. 56. 19. 18. 14. 56.
 34. 73. 51. 71. 19. 17. 30. 20. 24. 58. 58. 57.]
Label array ==0: 
[11.  9.  6.  8. 12. nan  9.  9. 10.  9. 11. 11. nan 12. 12. nan  9. 10.
 11. nan  8. 12.  8. nan 10.  9.  8. nan nan 10.]
Len label array 60
======================================
======================================
Find out what label array ['IEDtT'] is
Label array ==1: 
[ 88.  99. 101. 101. 123. 102. 120.  87.  85. 138.  86.  97.  86.  88.
 103. 105. 131.  96. 118.  91.  93.  94.  88.  88.  97. 110. 104.]
Label array ==0: 
[70. 77. 74. 67. 61. 63. 82. 68. nan 64. 70. 70. 66. 69. 72. nan 76. 74.
 nan 67. 72. 74. nan 64. 74. 63. nan 74. 73. 68. nan nan 74.]
Len label array 60
======================================
======================================
Find out what label array ['IEDtTA'] is
Label array ==1: 
[ 88.  99. 151. 151. 223. 102. 120.  87.  85. 188.  86. 147.  86.  88.
 153. 105. 181. 146. 168.  91.  93.  94.  88.  88. 147. 160. 154.]
Label array ==0: 
[70. 77. 74. 67. 61. 63. 82. 68. nan 64. 70. 70. 66. 69. 72. nan 76. 74.
 nan 67. 72. 74. nan 64. 74. 63. nan 74. 73. 68. nan nan 74.]
Len label array 60
======================================
======================================
Find out what label array ['RTI5mT'] is
Label array ==1: 
[412.75       451.625      456.125      467.75       397.14285714
 398.71428571 379.         461.14285714 517.125      414.42857143
 588.14285714 430.875      462.75       429.25       618.
 494.375      414.875      696.625      419.66666667 629.7142857
 392.5        564.125      451.125      825.14285714 575.
 393.25      ]
Label array ==0: 
[356.25       302.25                nan 319.         332.14285714
 315.625      378.28571429 301.5                 nan 271.
 283.375      309.16666667 135.5        291.375      375.25
          nan 363.75       362.5714286           nan 212.83333333
 238.25                nan 318.875      229.5        322.75
 361.66666667          nan 338.7142857  270.         193.5714286
          nan          nan 365.625      316.        ]
Len label array 60
======================================
======================================
Find out what label array ['RTI5rT'] is
Label array ==1: 
[384.625      454.125      393.625      385.71428571 390.
 385.125      432.42857143 370.         723.85714286 441.57142857
 371.         511.75       423.         387.         646.875
 368.875      798.375      417.5        484.7142857  442.
 397.375      466.4285714  396.125      519.         467.14285714
 380.375     ]
Label array ==0: 
[349.75       327.75                nan 319.14285714 356.
 271.57142857 253.625      302.85714286 309.75       316.625
          nan 325.25       353.125      338.375      317.
 311.                  nan 304.         285.4285714           nan
 276.66666667 313.                  nan 312.         295.75
 254.375      312.66666667          nan 349.875      292.25
          nan 347.75                nan 315.625     ]
Len label array 60
======================================
======================================
Find out what label array ['RTI1mT'] is
Label array ==1: 
[404.71428571 577.         410.3333333  397.11111111 415.25
 389.875      508.33333333 437.25       421.22222222 716.375
 647.33333333 600.375      585.5        949.33333333 463.55555556
 432.22222222 402.8888889  554.1111111  678.88888889 503.75
 415.875      624.14285714 390.25       410.         921.66666667
 552.         415.6666667 ]
Label array ==0: 
[315.7142857  232.77777778 314.2222222  257.66666667 308.75
 306.         323.875      288.         363.42857143          nan
 362.5555556  257.1111111  359.72727273 302.63636364 151.5
 296.5                 nan 332.875               nan 206.2
 218.3333333           nan 382.375      371.2222222  359.57142857
          nan 311.         293.22222222 232.75                nan
          nan 333.7777778  343.        ]
Len label array 60
======================================
======================================
Find out what label array ['RTI1rT'] is
Label array ==1: 
[363.57142857 342.         372.25       352.2222222  339.
 388.3333333  443.375      375.11111111 557.         350.
 672.25       333.         323.55555556 397.36363636 456.55555556
 373.5555556  655.8888889  547.88888889 324.625      347.75
 508.42857143 365.14285714 344.5        501.77777778 347.5555556
 333.1111111  825.8888889 ]
Label array ==0: 
[266.         301.375      288.22222222 299.875      319.44444444
 244.625      250.         237.75       265.57142857 291.55555556
 314.                  nan 315.3333333  287.72727273 282.75
 291.5                 nan 277.44444444 292.125               nan
 255.8        270.5                 nan 299.375      320.1111111
          nan 304.         303.55555556 310.71428571 290.
 319.33333333          nan          nan]
Len label array 60
======================================
======================================
Find out what label array ['MTSmcL'] is
Label array ==1: 
[3224.70833333 2332.77777778 2795.770833   2546.54166667 2289.33333333
 1898.34883721 2263.41666667 2013.66666667 2195.34042553 2544.5625
 1793.56521739 1801.934783   1828.795455   1996.0212766  3058.85106383
 1818.4893617  2318.148936   3238.76087    2932.06666667 1939.33333333
 4535.413043   2736.04166667 2206.3125     2128.         2010.130435
 3098.916667   2702.708333  ]
Label array ==0: 
[1598.088889   1645.52083333  962.11904762 1607.729167   1557.63414634
 1110.52380952  684.35416667 1270.375      1326.97916667 1228.36956522
 1436.22222222           nan 1264.85106383 1188.75555556 1260.85
           nan 1495.0212766  1650.659091             nan 1191.081081
 1350.765957             nan 1078.35555556 1577.733333   1324.43902439
 1668.93617021           nan 1657.555556   1584.         1341.79166667
 1150.9                  nan           nan]
Len label array 60
======================================
======================================
Find out what label array ['MTSmeL'] is
Label array ==1: 
[ 2108.83333333  2819.          1757.          2256.4
  3274.33333333  4529.5         1967.5        14989.
  1843.66666667  2131.          3246.5         1972.
  2966.33333333  2100.          5619.5         2700.666667
  2099.          2295.5         2059.5       ]
Label array ==0: 
[          nan 1038.333333             nan           nan 1328.66666667
           nan           nan           nan           nan           nan
           nan           nan 1123.         1232.5        1261.
           nan           nan 1215.25       1607.          855.
 1545.         1229.                   nan 1334.                   nan
 1041.          536.                   nan 1518.33333333           nan
 1496.                   nan 1013.333333             nan 1627.
           nan 1503.                   nan           nan           nan
           nan]
Len label array 60
======================================
======================================
Find out what label array ['MTSmlC'] is
Label array ==1: 
[5158.5        3902.916667   2001.66666667 2344.5        2302.41666667
 2844.33333333 2191.58333333 2077.933333   2789.916667   2667.25
 3113.98484848 2267.08333333 2152.         3589.462121   4675.45
 2550.777778   2517.83333333 2433.02272727 2068.681818   6956.878788
 2101.91666667 3108.75       2958.75       2058.66666667 2395.310606
 2745.         3616.083333  ]
Label array ==0: 
[1271.886364    679.41666667 1000.69444444 1798.5         904.4047619
  714.33333333  -19.         1386.91666667 1632.41666667 1320.75
 1983.01515152 1108.33333333 1717.46666667 1936.58333333           nan
 -570.10606061  673.41666667 1565.15       -119.6969697            nan
           nan 1558.602273             nan 1788.94444444 1958.933333
  265.86904762 1866.91666667           nan 1461.522727   1089.87878788
 1513.83333333           nan           nan]
Len label array 60
======================================
======================================
Find out what label array ['MTSpC'] is
Label array ==1: 
[100.         100.         100.         100.         100.
 100.         100.         100.         100.         100.
  97.91666667  95.83333333 100.          95.83333333  97.91666667
  97.91666667  97.91666667  97.91666667  97.91666667  97.91666667
  97.91666667 100.          97.91666667 100.          95.83333333
  97.91666667 100.         100.         100.        ]
Label array ==0: 
[93.75       75.         87.5        85.41666667 87.5        89.58333333
 87.5        93.75               nan 95.83333333 91.66666667 93.75
 83.33333333         nan 95.83333333 91.66666667 93.75               nan
 93.75       77.08333333         nan 95.83333333 93.75       93.75
 85.41666667         nan 93.75       83.33333333         nan 95.83333333
         nan]
Len label array 60
======================================
======================================
Find out what label array ['MTStnC'] is
Label array ==1: 
[48. 48. 48. 48. 48. 48. 48. 48. 48. 48. 47. 46. 48. 46. 46. 47. 47. 47.
 47. 47. 47. 46. 47. 46. 48. 47. 48. 46. 47. 48. 46. 48. 48.]
Label array ==0: 
[45. 36. 42. 41. 42. 43. 42. 45. nan 44. 45. 40. nan 44. 45. nan 45. 37.
 nan 45. 45. 41. nan 45. 40. nan nan]
Len label array 60
======================================
======================================
Find out what label array ['RVPA'] is
Label array ==1: 
[0.88792404 0.91122003 0.92592593 0.89605996 0.94966969 0.91666667
 0.91758242 0.90353081 0.96153846 0.92088434 0.98040867 0.90740741
 0.95921648 0.94963873 0.90925216 0.97106442 0.91666667 0.9174785
 0.88661535 0.96171048 0.94444444 0.8857626  0.97106007 0.93518519
 0.88888889 0.88659678 0.91480969]
Label array ==0: 
[0.86770892 0.82170291 0.78475434 0.79984002 0.87282971 0.86230648
 0.8621706  0.83907751 0.79965415 0.80644024 0.82407407        nan
 0.83333333 0.85185185 0.84259259 0.88536444        nan 0.84923308
 0.88428209 0.779807          nan 0.80985674        nan 0.86970346
 0.83198538 0.84546662 0.77777778        nan 0.85185185 0.82407407
 0.83911359        nan        nan]
Len label array 60
======================================
======================================
Find out what label array ['RVPB'] is
Label array ==1: 
[0.96782859 0.95133763 1.         0.96765872 1.         0.93492627
 0.96460282 1.         1.         1.         1.         1.
 1.         1.         0.93624972 0.96786404 0.95628134 0.94193398
 1.         0.93354145 1.         1.         1.         1.
 1.         0.96760701 0.96435701]
Label array ==0: 
[ 0.89350728  0.6997493  -0.15257328  0.89982785  0.7986184   0.90650621
  0.86092567 -1.          0.9050286   0.65591415  0.84968556  0.8947556
         nan  0.89753455  0.83707167  0.85994612  0.86669904  0.82120773
         nan  0.927192    0.87406162  0.73458939         nan  0.83117262
         nan  0.65213648  0.89785998         nan  0.695354    0.92692928
  0.87286343         nan         nan]
Len label array 60
======================================
======================================
Find out what label array ['RVPmL'] is
Label array ==1: 
[581.08695652 431.11111111 537.         468.7037037  701.23076923
 636.5        720.         552.         461.88888889 537.94117647
 501.8        589.27777778 521.5        703.5833333  645.7333333
 690.57142857 422.84210526 472.7333333  537.7142857  764.8125
 477.17391304 608.4        474.09090909 535.33333333 424.4705882
 574.4666667  738.5555556 ]
Label array ==0: 
[394.92307692 306.         410.25       368.3333333  316.94736842
 355.125      411.8        341.45454545 418.88888889 261.64705882
 388.5        320.15789474 355.125               nan 393.0909091
 347.88       397.17391304 335.54545455          nan 333.33333333
 327.8333333           nan          nan 396.6190476           nan
 384.72727273 377.79166667 351.75       411.65       338.
          nan 401.3333333           nan]
Len label array 60
======================================
======================================
Find out what label array ['RVPfaP'] is
Label array ==1: 
[0.01265823 0.03829787 0.004329   0.22007722 0.01185771 0.02845528
 0.01239669 0.01140684 0.32967033 0.00790514 0.01260504 0.05106383
 0.01724138 0.01171875 0.01132075 0.01149425 0.01612903 0.0242915
 0.01687764 0.00819672 0.03030303 0.01960784 0.05371901 0.01271186
 0.0083682  0.0438247  0.01666667]
Label array ==0: 
[0.00409836 0.         0.00398406 0.         0.00421941 0.
 0.                nan 0.         0.         0.00371747 0.
 0.                nan 0.00374532 0.                nan 0.00404858
 0.00431035        nan 0.00378788 0.         0.                nan
 0.         0.0037594  0.         0.                nan 0.
        nan 0.00408163 0.00404858]
Len label array 60
======================================
======================================
Find out what label array ['RVPhP'] is
Label array ==1: 
[0.85185185 0.66666667 0.7037037  0.59259259 0.81481481 0.66666667
 1.         0.62962963 0.84615385 0.7037037  0.92592593 0.62962963
 0.85185185 0.81481481 0.66666667 0.59259259 0.88888889 0.66666667
 0.55555556 0.7037037  0.55555556 0.59259259 0.85185185 0.77777778
 0.62962963 0.88888889 0.74074074 0.55555556 0.55555556 0.66666667]
Label array ==0: 
[0.48148148 0.33333333 0.2962963  0.22222222 0.55555556 0.48148148
 0.48148148 0.37037037 0.37037037 0.2962963  0.2962963         nan
 0.33333333 0.40740741 0.37037037        nan 0.44444444 0.25925926
        nan 0.25925926        nan 0.37037037 0.40740741 0.11111111
        nan 0.40740741 0.2962963  0.40740741        nan        nan]
Len label array 60
======================================
======================================
Find out what label array ['RVPrN'] is
Label array ==1: 
[243. 250. 257. 250. 260. 252. 251. 259. 253. 268. 251. 262. 258. 244.
 241. 266. 255. 242. 250. 246. 263. 260. 265. 257. 249. 244. 246.]
Label array ==0: 
[234. 226. 230. 202. 239. 239. 183. 235. 236. 223. 228. 235.  nan 237.
 240. 238.  nan 233. 224.  nan 231.  nan 229. 233. 237. 224.  nan 240.
 240. 234. 236.  nan  nan]
Len label array 60
======================================
======================================
Find out what label array ['RVPfaN'] is
Label array ==1: 
[ 3.  9. 57.  3.  7.  3.  3. 90.  2.  3. 12.  4.  3.  3.  3.  4.  6.  4.
  2.  7.  5. 13.  3.  2. 11.  4.]
Label array ==0: 
[ 1.  1.  0.  1.  0.  1.  0. nan nan nan  0.  1.  0.  0. nan  1.  0. nan
  1.  1. nan  1.  0.  0. nan  0.  1.  0.  0. nan  0. nan  1.  1.]
Len label array 60
======================================
======================================
Find out what label array ['RVPhN'] is
Label array ==1: 
[23. 18. 19. 16. 22. 18. 27. 17. 22. 19. 25. 17. 23. 22. 18. 16. 24. 18.
 19. 16. 23. 21. 17. 24. 20. 18.]
Label array ==0: 
[13.  9.  8.  6. 15. 13. 13. 10. 10.  8. nan nan nan 11. 10. nan 12. 15.
  7. nan 15.  7. nan 10. 11.  3. nan 11.  8. 11. nan 15. nan 15.]
Len label array 60
======================================
======================================
Find out what label array ['RVPmN'] is
Label array ==1: 
[14. 18. 19. 21. 11. 12. 14. 14. 17. 17. 19. 16. 17. 11. 15. 12. 20. 12.
 20. 11. 17. 16. 24. 16. 19. 16. 12. 12.]
Label array ==0: 
[ 4.  9.  8.  5.  9.  0. 10.  4.  8. nan nan nan  2. 10.  4.  5.  9. nan
  3.  9. nan  8. nan  4.  6. nan 10.  3.  7. nan nan  9.]
Len label array 60
======================================
======================================
Find out what label array ['SWMtE'] is
Label array ==1: 
[47. 74. 73. 32. 33. 63. 36. 63. 30. 43. 44. 57. 66. 28. 36. 28. 28. 51.
 35. 83. 55. 28. 31. 72. 50. 53. 34. 35. 36. 56.]
Label array ==0: 
[11. 16.  7.  0. 24. 13. 21. nan  1.  3.  2. 21. 10. nan 21. 21. nan 18.
  9. nan 24.  2. 13. nan 24.  0.  3. nan  5. nan]
Len label array 60
======================================
======================================
Find out what label array ['SWMtE8'] is
Label array ==1: 
[39. 40. 41. 28. 37. 29. 36. 21. 32. 38. 31. 39. 27. 24. 21. 24. 28. 38.
 31. 28. 53. 47. 40. 26. 24. 28. 37.]
Label array ==0: 
[19. 11. 13.  7.  0. 16. 12. 13. 14. nan  1.  3.  0. 15.  6. nan 12. 16.
 nan 17.  9. nan 14.  0. 13. 11. nan 19.  0.  1. nan  5. nan]
Len label array 60
======================================
======================================
Find out what label array ['SOCmM'] is
Label array ==1: 
[19.25 25.   18.25 18.   19.75 20.   23.25 18.75 20.5  18.25 19.5  21.
 19.   17.75 17.75 19.5  20.75 24.5  23.   19.5  18.75 18.25 19.5  21.25
 20.   21.25 20.25 17.75]
Label array ==0: 
[14.   17.25 14.   17.   16.75 17.5  15.75 17.5    nan 17.25 14.25 15.5
 16.5  14.75 16.     nan 15.75   nan 17.25 15.25   nan 17.25 14.   17.5
   nan 17.5  15.75 17.5    nan 15.25   nan 17.  ]
Len label array 60
======================================
======================================
Find out what label array ['SOCitT'] is
Label array ==1: 
[ 3385.5     5191.0625  4801.25    5026.4375  4394.625   3269.5625
  6644.375  11609.25    5824.5     5633.9375  5436.9375  7974.625
  6338.9375  9967.6875  6436.4375 10367.3125  4479.6875  3033.375
 17009.6875  4270.125  19376.625   4451.75    5065.375   3153.
 10698.625  14109.25    8717.375 ]
Label array ==0: 
[1268.375   500.125  1067.1875 2366.875   781.0625 2327.6875 3008.1875
 1800.125  3027.     1611.1875 2020.75         nan 1089.6875  861.125
 2496.625  2451.125        nan 3031.375  2378.1875 2411.375        nan
 2471.           nan 1233.5    2522.8125 1452.8125       nan 1714.5
 1810.1875 1417.875  2101.1875       nan       nan]
Len label array 60
======================================
======================================
Find out what label array ['SOCstT'] is
Label array ==1: 
[4119.311111   1133.27328644  734.68511905 3615.39583333 1413.36267361
 1285.8125     1329.14707341 1280.09243552 1185.20262897  882.17673611
 3148.02083333 8955.38298611  902.07256944 1386.90208325 1441.91927083
 1440.806597   3962.73764875 1553.85548115 7272.996875   1375.98125
 1725.9875     7309.01917989  940.13926768 1007.19791667  758.8819445
 3075.1085815  1656.86770825]
Label array ==0: 
[298.05729167 240.775        0.          28.25       257.37395833
  28.48958333 356.32415675  74.63888889 174.45359848          nan
 390.93333335   0.         289.40972222 368.87395833   0.
 312.01284722 405.77152778          nan 120.190625            nan
 243.09826389 506.22812492          nan  42.49305555 504.79444444
          nan  31.625      449.18333333  71.11268939 452.71438492
          nan 315.80902775          nan]
Len label array 60
======================================
======================================
Find out what label array ['ca_sex'] is
Label array ==1: 
[1. 1. 1. 1. 1. 1. 1. 1. 1. 2. 1. 1. 1. 1. 1. 1. 1. 1. 1. 1. 1. 1. 1. 1.
 1. 1. 1. 1. 1. 1. 1. 1. 1. 1. 2. 2. 1. 1. 1. 1. 1. 1. 1. 1. 1. 1. 1. 1.
 1. 1. 1. 1. 1. 1.]
Label array ==0: 
[nan nan nan nan nan nan]
Len label array 60
======================================
======================================
Find out what label array ['rn_omis'] is
Label array ==1: 
[ 4.  4. 11.  2.  6.  2. 11. 22.  5.  4.  4.  6.  2.  2.  5.  6.  7.  8.
 17. 17.  8. 16. 20.  2.  5.  6. 11. 11. 23.  3.  7.  4.  3.  2.]
Label array ==0: 
[ 0.  1.  1.  0.  1.  1.  0.  1.  1.  1.  1.  1.  0.  1. nan  1.  1.  0.
  1.  1.  0.  1.  0.  1.  0.  0.]
Len label array 60
======================================
======================================
Find out what label array ['rp_omis'] is
Label array ==1: 
[1.2 1.2 3.4 0.6 1.9 0.6 3.4 6.8 1.5 1.2 1.2 1.9 0.6 0.6 1.5 1.9 2.2 2.5
 5.3 5.3 2.5 5.  6.2 0.6 1.5 1.9 3.4 3.4 7.1 0.9 2.2 1.2 0.9 0.6]
Label array ==0: 
[0.  0.3 0.3 0.  0.3 0.3 0.  0.3 0.3 0.3 0.3 0.3 0.  0.3 nan 0.3 0.3 0.
 0.3 0.3 0.  0.3 0.  0.3 0.  0. ]
Len label array 60
======================================
======================================
Find out what label array ['rn_comis'] is
Label array ==1: 
[28. 22. 35. 28. 25. 27. 34. 31. 21. 28. 18. 31. 35. 29. 28. 20. 20. 24.
 23. 18. 32. 21. 28. 29. 24. 23. 20. 19. 31. 21. 27.]
Label array ==0: 
[13. 15.  4.  0. 12. 14. 11. 14.  4. 10. 13. 13. 14. 17.  4.  2. 14. 12.
 nan  8.  8. 13.  9. 17. 12. 13.  5.  4.  4.]
Len label array 60
======================================
======================================
Find out what label array ['rp_comis'] is
Label array ==1: 
[77.8 61.1 97.2 77.8 71.4 75.  94.4 86.1 58.3 77.8 50.  86.1 97.2 80.6
 77.8 55.6 55.6 66.7 65.7 50.  88.9 58.3 77.8 82.9 66.7 63.9 55.6 52.8
 86.1 58.3 75. ]
Label array ==0: 
[36.1 42.9 11.1  0.  33.3 38.9 30.6 38.9 11.1 27.8 36.1 36.1 38.9 47.2
 11.1  5.7 38.9 33.3  nan 22.2 22.2 36.1 25.7 47.2 34.3 36.1 13.9 11.1
 11.1]
Len label array 60
======================================
======================================
Find out what label array ['r_rt'] is
Label array ==1: 
[348.12 361.64 353.9  326.81 335.43 504.23 387.72 469.42 326.95 358.04
 479.15 396.75 386.14 392.6  342.51 541.21 342.73 472.07 359.89 527.34
 405.13 415.23 365.07 373.34 433.22 359.93 349.92 363.91 345.81 432.38]
Label array ==0: 
[291.86 276.16 284.1  273.67 262.48 323.39 292.44 307.68 233.68 253.94
 272.58 320.32 310.31 310.31 265.59 303.71 326.75    nan 309.84 306.25
 288.94 273.43 308.7  239.29 272.07 283.61 242.2  322.68 282.1  255.14]
Len label array 60
======================================
======================================
Find out what label array ['r_rtsd'] is
Label array ==1: 
[ 5.92 15.49  6.41  6.86  7.7  12.72  9.53 10.27  6.06  7.98 13.81  7.82
  7.82  5.48 10.91  8.41  8.35 12.71  7.44  9.13 16.29  7.19  5.72  8.
  9.81  6.57  5.93 11.31  5.95  5.38]
Label array ==0: 
[4.62 3.38 3.1  3.06 4.13 3.92 2.87 5.03 4.45 3.37 3.26 5.13 3.55 5.13
 4.08 4.59  nan 4.66 4.36 4.63 4.17 3.88 4.28 3.8  4.26 2.95 2.83 3.86
 3.59 4.6 ]
Len label array 60
======================================
======================================
Find out what label array ['r_var'] is
Label array ==1: 
[11.23  7.6  49.67 19.41  9.91 15.54 38.47 14.04 12.58  9.3   8.7  11.08
 23.8   7.59 23.77 23.77 31.3  18.52  9.62 10.4  19.4  33.03 20.58 49.53
 11.03 10.61 16.39  9.52  8.79 34.57]
Label array ==0: 
[4.15 4.5  3.61 7.05 4.87 5.53 5.25 4.63 3.74 6.87 6.46 7.58 7.42  nan
 5.38 6.48 4.85 5.7  6.01 5.45 7.11 6.5  5.16 6.56 6.08 4.21 3.66 5.47
 3.58 5.22]
Len label array 60
======================================
======================================
Find out what label array ['r_detect'] is
Label array ==1: 
[0.66 1.33 2.15 0.61 0.74 0.56 0.77 0.64 0.54 0.54 1.76 1.11 0.86 0.69
 0.58 0.65 1.33 1.54 0.92 0.99 0.82 0.93 0.75 1.12 0.74 1.32 0.67 0.63
 1.32 0.7  1.18]
Label array ==0: 
[ 0.46  0.23 -0.16  0.34  0.15  0.48  0.51 -0.25 -0.14  0.19  0.13 -0.09
  0.45  0.    0.33  0.45  0.21  0.52   nan -0.15  0.53  0.4   0.36  0.36
  0.19  0.45  0.34  0.05  0.11]
Len label array 60
======================================
======================================
Find out what label array ['r_rpsty'] is
Label array ==1: 
[0.37 1.19 0.57 1.23 0.97 0.56 2.41 3.08 0.6  0.5  0.62 0.57 1.   0.74
 7.68 1.56 0.53 0.8  0.75 0.89 0.49 0.35 0.8  1.1  0.49 0.87 0.51 0.44
 1.21 0.66]
Label array ==0: 
[0.26 0.18 0.09 0.32 0.01 0.3  0.01 0.19 0.18 0.01 0.24 0.3  0.17 0.17
 0.   0.2  0.15 0.   0.26  nan 0.32 0.16 0.3  0.01 0.33 0.24 0.15 0.11
 0.08 0.25]
Len label array 60
======================================
======================================
Find out what label array ['r_per'] is
Label array ==1: 
[ 5.  1.  2.  4.  6.  1. 17.  9.  1.  1.  1.  1. 14.  6.  5.  2.  2.  5.
  5.  4.  9.  5.  6.  1.  4.  4.  5.  1.  1.  1.  2. 13.  3.  1.  7. 11.
  6.  6.]
Label array ==0: 
[ 0.  0.  0.  0.  0.  0.  0.  0.  0.  0.  0.  0.  0. nan  0.  0.  0.  0.
  0.  0.  0.  0.]
Len label array 60
======================================
======================================
Find out what label array ['r_rtbc'] is
Label array ==1: 
[0.   0.01 0.   0.   0.02 0.01 0.   0.03 0.01 0.02 0.01 0.06 0.01 0.06
 0.   0.02 0.02 0.02 0.04  nan 0.02 0.03 0.05 0.   0.04 0.01 0.05 0.
 0.   0.01 0.   0.  ]
Label array ==0: 
[-0.03 -0.01 -0.02 -0.01 -0.01 -0.05 -0.02 -0.01 -0.01 -0.01 -0.01 -0.01
 -0.02 -0.03 -0.04 -0.02 -0.02 -0.01 -0.03 -0.02 -0.01 -0.02 -0.03 -0.06
 -0.05 -0.03 -0.02 -0.04]
Len label array 60
======================================
======================================
Find out what label array ['r_sebc'] is
Label array ==1: 
[0.02 0.02 0.03 0.05 0.15 0.05 0.04 0.04 0.03 0.02 0.15 0.11 0.05 0.13
 0.05 0.05 0.17 0.12 0.03 0.07 0.03 0.1  0.12 0.1  0.07 0.04 0.13 0.13
 0.04 0.08 0.09 0.02]
Label array ==0: 
[-0.17 -0.15  0.    0.   -0.14 -0.06 -0.15  0.   -0.1  -0.03 -0.01 -0.03
 -0.27 -0.02 -0.04   nan -0.06  0.01  0.01 -0.04 -0.08  0.01 -0.11  0.
 -0.06 -0.01 -0.01 -0.02]
Len label array 60
======================================
======================================
Find out what label array ['r_rtisi'] is
Label array ==1: 
[0.06 0.06 0.1  0.08 0.15 0.06 0.06 0.07 0.15 0.08 0.06 0.16 0.16 0.06
 0.09 0.09 0.11 0.06 0.11 0.11 0.1  0.11 0.06 0.09 0.07 0.09 0.07 0.07
 0.13 0.1  0.09 0.08 0.1 ]
Label array ==0: 
[ 0.03  0.05  0.04  0.05  0.05  0.04  0.02  0.04  0.04  0.03  0.05  0.03
  0.     nan  0.05  0.03  0.05  0.04  0.    0.04  0.04  0.02 -0.01  0.05
  0.03  0.05  0.02]
Len label array 60
======================================
======================================
Find out what label array ['r_seisi'] is
Label array ==1: 
[0.03 0.13 0.3  0.06 0.04 0.3  0.05 0.18 0.14 0.17 0.28 0.02 0.36 0.36
 0.09 0.47 0.11 0.1  0.34 0.1  0.39 0.08 0.02 0.05 0.04 0.02 0.16 0.38
 0.13 0.02]
Label array ==0: 
[-0.13 -0.14 -0.08 -0.1  -0.16 -0.01 -0.01  0.01  0.01 -0.07 -0.04 -0.12
 -0.05  0.    0.   -0.3    nan -0.08 -0.05  0.    0.   -0.21 -0.12 -0.09
 -0.07 -0.1  -0.13 -0.01 -0.16 -0.01]
Len label array 60
======================================
======================================
Find out what label array ['BRI'] is
Label array ==1: 
[69. 59. 52. 55. 52. 50. 62. 53. 63. 65. 58. 57. 59. 48. 46. 61. 47. 61.
 54. 55. 51. 63. 79.]
Label array ==0: 
[42.         41.         45.         32.                 nan 38.
 39.         28.         42.         31.         33.                 nan
 37.                 nan         nan         nan 39.                 nan
 40.33333333         nan 42.                 nan 43.                 nan
 43.                 nan         nan 40.         42.         36.
         nan 38.         36.                 nan         nan 37.
 30.        ]
Len label array 60
======================================
======================================
Find out what label array ['MI'] is
Label array ==1: 
[129.85714286  93.28571429 113.71428571 103.42857143 109.57142857
 126.          93.85714286  97.          98.57142857  95.14285714
 123.71428571 111.85714286 104.85714286 103.57142857 101.57142857
  94.42857143 108.71428571 102.42857143 105.71428571 101.
  98.28571429  96.28571429 119.85714286]
Label array ==0: 
[68.85714286 93.20634921 64.57142857 78.         90.         67.71428571
         nan 61.85714286 90.28571429 50.28571429 86.14285714 58.42857143
 76.71428571         nan         nan         nan 90.42857143         nan
 74.71428571         nan 87.         88.14285714         nan 81.
         nan         nan 69.71428571         nan         nan 82.
         nan 63.57142857 54.42857143         nan         nan 88.71428571
 45.        ]
Len label array 60
======================================
======================================
Find out what label array ['GEC'] is
Label array ==1: 
[198.85714286 152.28571429 145.20634921 168.71428571 153.42857143
 171.57142857 143.28571429 189.         162.         153.14285714
 180.71428571 170.85714286 150.85714286 164.57142857 148.57142857
 149.14285714 162.71428571 157.42857143 145.71428571 143.
 149.28571429 159.28571429 198.85714286]
Label array ==0: 
[110.85714286 105.57142857 130.         135.          99.71428571
          nan  99.85714286 132.85714286  78.28571429 128.14285714
  89.42857143 109.71428571          nan 135.57142857          nan
          nan 138.42857143          nan 113.71428571          nan
 127.33333333          nan 123.                  nan 137.42857143
          nan 112.71428571          nan          nan 118.
          nan 101.57142857  90.42857143          nan          nan
 125.71428571  75.        ]
Len label array 60
======================================
======================================
Find out what label array ['dia_num'] is
Label array ==1: 
[1 1 2 2 1 1 2 1 2 2 1 2 1 2 1 1 2 1 2 2 1 2 1 1 1 1 1 1 1 1 1 2]
Label array ==0: 
[0 0 0 0 0 0 0 0 0 0 0 0 0 0 0 0 0 0 0 0 0 0 0 0 0 0 0 0]
Len label array 60
======================================
======================================
